1224597600 9464
1229565958 11532
1231552285 11732
1231553062 11732
1232064733 11933
1232064967 11933
1232489040 12050
1232489140 12050
1232612024 12138
1232612173 12138
1234309445 12626
1234558673 12512
1235069855 12453
1236063281 12969
1236117872 12453
1236133731 0
1236137547 13018
1236292478 13030
1236624734 13064
1236798718 13120
1236974664 13141
1237331328 13141
1237423188 13608
1237529336 13665
1237942783 13727
1237942886 13789
1237943075 13744
1237943179 13750
1237943321 13743
1237943417 13736
1237943509 13738
1237943561 13740
1237944618 13742
1237944822 13730
1237944916 13721
1237945949 13721
1237945993 13721
1237949283 13721
1237952482 13676
1237952560 13682
1237952578 13637
1237952651 13643
1237953633 13645
1237953770 13633
1237953854 13635
1237953855 13626
1237953992 13614
1237954075 13605
1237954670 13626
1237954869 13626
1237954895 13626
1237954948 13647
1237955137 13647
1237955172 13647
1237960072 13647
1238019041 13647
1238019764 13653
1238019835 13658
1238022832 13664
1238022903 13669
1238025868 13675
1238026053 13680
1238087303 13668
1238092954 13669
1238110106 13640
1238128510 13640
1238193072 13640
1238198293 13628
1238199234 13629
1238200477 13638
1238203573 13609
1238204891 13597
1238204913 13597
1238205191 13598
1238206760 13569
1238207998 13569
1238208321 13569
1238209431 13578
1238212100 13587
1238342111 13587
1238453547 13671
1238519540 13719
1238523077 13803
1238526542 13812
1238534441 13896
1238535345 13944
1238535477 13992
1238535815 14001
1238536748 14010
1238549085 14080
1238549103 14150
1238549133 14220
1238560466 14220
1238715562 14285
1238715735 14350
1238717744 14356
1238733726 14291
1238740277 14356
1238740349 14356
1238740739 14362
1238740808 14362
1238804395 14362
1238804513 14362
1238804690 14362
1238804762 14362
1239130109 14306
1239137706 14250
1239153315 14236
1239163720 14377
1239175838 14180
1239175912 14180
1239176320 14182
1239176394 14182
1239220094 14177
1239224489 14182
1239241410 14377
1239311546 14372
1239311576 14367
1239311623 14367
1239312044 14372
1239312084 14377
1239312121 14377
1239405500 14377
1239736243 14377
1239758295 14377
1239827420 14370
1240286593 14000
1240445558 14370
1240448219 14370
1240450398 14370
1240513155 14363
1240538421 13970
1240538497 13970
1240606502 13970
1240957105 13969
1240981048 13969
1241037807 13969
1241129518 13973
1241135314 13973
1241136221 13973
1241136644 13973
1241137471 13973
1241137521 13973
1241137702 13973
1241137891 13973
1241137936 13973
1241138256 13973
1241140383 13973
1241485423 13973
1241485461 13973
1241656993 13975
1241657853 13975
1241737925 13976
1241813708 13976
1241813859 13976
1241814097 13976
1241818051 13978
1241818388 13978
1241818417 13978
1242067846 13983
1242079430 13983
1242079478 13983
1242085244 13978
1242091358 14005
1242091610 14005
1242174941 14025
1242180383 14025
1242181150 14041
1242244341 14041
1242348219 14046
1242348500 14046
1242682670 14046
1242716176 14046
1243040923 14046
1243109514 14046
1243893299 14052
1243895644 14088
1243895820 14088
1243897901 14088
1243928166 14088
1243928180 14088
1243928181 14088
1244501574 14093
1244530365 14093
1244577441 15280
1244627317 15286
1244645074 15286
1244645076 15286
1244660037 15290
1244661676 15290
1244661968 15358
1244662199 15358
1244671878 15390
1244673143 15390
1244673229 15390
1244743971 15392
1244745721 15392
1244750863 15413
1244751421 15413
1244753906 15424
1244754609 15424
1244755547 15419
1244755625 15419
1244807980 15419
1244807981 15419
1244839937 15422
1245039153 15422
1245183173 15549
1245183929 15423
1245185278 15460
1245185355 15460
1245195783 15460
1245195787 15460
1245259234 15474
1245259723 15477
1245260504 15477
1245278340 15477
1245278348 15477
1245280738 15480
1245300554 15549
1245300579 15549
1245446931 15550
1245455022 15550
1245803694 15561
1245804899 15561
1245876346 15570
1245883512 15570
1245889539 15582
1245889751 15582
1245890325 15582
1245890366 15582
1245890447 15582
1245899316 15584
1245900950 15584
1246037467 15586
1246037544 15586
1246060659 15586
1246311680 15586
1246331994 15586
1246404064 15640
1246472342 15640
1246491586 15643
1246513480 15643
1246569584 15537
1246575501 15563
1246575937 15537
1246582019 15563
1246634281 15563
1246726147 14653
1246904237 15563
1246904267 15563
1246904270 15563
1246906278 15566
1246911153 15566
1247053105 15564
1247061983 15564
1247160671 14653
1247176647 15542
1247176793 15542
1247525301 16485
1247529563 16485
1247543170 16485
1247543212 16485
1247592091 16485
1247602731 16485
1247602894 16485
1247605088 16500
1247608285 16500
1247608377 16500
1247616782 16500
1247696384 16501
1247706898 16501
1247775661 16783
1247791504 16816
1247813214 16816
1247819080 16816
1247821730 16816
1247864298 16816
1247865530 16818
1247867967 16818
1247869722 16811
1247872660 16811
1247873355 16815
1247873791 16815
1247875989 16815
1248060005 16815
1248060009 16815
1248060014 16815
1248060018 16815
1248060519 16815
1248136846 16872
1248158052 16872
1248198943 14946
1248198966 14946
1248200016 14946
1248212291 14946
1248278441 14946
1248278480 14946
1248287261 14946
1248287262 14946
1248325010 14943
1248476932 14943
1248480920 14967
1248569283 14967
1248633836 14967
1248815946 14960
1248820471 14960
1248830807 15003
1248904626 15003
1249018687 15010
1249310746 15010
1249341093 15010
1249343579 15010
1249401629 15010
1249533116 14963
1249584430 14961
1249771745 14977
1249790037 14977
1250098526 14993
1250098590 14993
1250105800 14993
1250189323 14993
1250189385 14993
1250197022 14993
1250214238 14993
1250528475 14995
1250540116 14995
1250558326 14980
1250618438 14995
1250642056 14959
1250725056 14959
1250727530 14980
1250802487 14971
1250809230 14971
1251244284 15019
1251304176 15019
1251408808 14672
1251419136 14672
1251438193 14672
1251485516 14672
1251489697 14672
1251490580 14672
1251498803 14468
1251778696 14496
1251853669 14546
1251925300 14546
1251998099 14546
1252076655 14546
1252385227 14561
1252452512 14601
1252643512 14637
1252715315 14638
1252966603 14659
1252967134 14673
1253145217 14686
1253215407 14686
1253215440 14686
1253223241 14606
1253557085 14666
1253560411 14674
1253560951 14674
1253656019 14700
1253769738 14719
1253861874 14718
1254076771 14717
1254188886 14730
1254208580 14730
1254208805 14730
1254254715 14730
1254255284 14730
1254266006 14733
1254266464 14731
1254267788 14680
1254298491 14680
1254323267 14680
1254375524 14680
1254381898 14680
1254381961 14680
1254522703 14686
1254688449 14686
1254860782 14686
1254861545 14686
1254948034 14691
1254960735 14738
1254961471 14738
1255023821 14738
1256147144 14738
1256581803 14663
1256941637 14659
1257494214 14746
1257536587 14750
1257553004 14750
1257811612 14751
1258080370 14593
1258161755 14593
1259609862 14593
1259813909 14645
1259822393 14649
1262156367 14649
1262158117 14682
1262748126 14682
1263338354 14738
1264087184 14738
1264802964 14738
1265073965 14738
1267361454 14735
1267761211 14736
1267816904 14737
1268360570 14737
1268700654 14737
